1000 I 1000 4574.0
1001 I 1001 3461.0
1002 I 1002 3417.0
1003 I 1003 4920.0
1004 I 1004 3734.0
1005 I 1005 4256.0
1006 I 1006 4902.0
1007 I 1007 4972.0
1008 I 1008 2293.0
1009 I 1009 4234.0
1010 I 1010 4868.0
1011 I 1011 3050.0
1012 I 1012 3293.0
1013 I 1013 3097.0
1014 I 1014 3018.0
1015 I 1015 4955.0
1016 I 1016 3501.0
1017 I 1017 2230.0
1018 I 1018 4333.0
1019 I 1019 2657.0
1020 I 1020 4158.0
1021 I 1021 4615.0
1022 I 1022 4554.0
1023 I 1023 4928.0
1024 I 1024 4903.0
1025 I 1025 2836.0
1026 I 1026 3970.0
1027 I 1027 4786.0
1028 I 1028 2093.0
1029 I 1029 3555.0
1030 I 1030 4046.0
1031 I 1031 2987.0
1032 I 1032 4238.0
1033 I 1033 2209.0
1034 I 1034 4638.0
1035 I 1035 4886.0
1036 I 1036 3040.0
1037 I 1037 4768.0
1038 I 1038 2353.0
1039 I 1039 2697.0
1040 I 1040 2550.0
1041 I 1041 3663.0
1042 I 1042 4323.0
1043 I 1043 4280.0
1044 I 1044 3901.0
1045 I 1045 3881.0
1046 I 1046 3694.0
1047 I 1047 4610.0
1048 I 1048 3496.0
1049 I 1049 3088.0
1050 I 1050 3800.0
1051 I 1051 2564.0
1052 I 1052 3348.0
1053 I 1053 3428.0
1054 I 1054 3777.0
1055 I 1055 4360.0
1056 I 1056 3542.0
1057 I 1057 2164.0
1058 I 1058 4744.0
1059 I 1059 4360.0
1060 I 1060 2770.0
1061 I 1061 2068.0
1062 I 1062 4200.0
1063 I 1063 4409.0
1064 I 1064 2957.0
1065 I 1065 2089.0
1066 I 1066 3866.0
1067 I 1067 4391.0
1068 I 1068 4795.0
1069 I 1069 3976.0
1070 I 1070 3762.0
1071 I 1071 3355.0
1072 I 1072 4280.0
1073 I 1073 2419.0
1074 I 1074 3392.0
1075 I 1075 4240.0
1076 I 1076 3325.0
1077 I 1077 2815.0
1078 I 1078 4608.0
1079 I 1079 2396.0
1080 I 1080 3918.0
1081 I 1081 3471.0
1082 I 1082 4871.0
1083 I 1083 4947.0
1084 I 1084 4210.0
1085 I 1085 2040.0
1086 I 1086 3517.0
1087 I 1087 4083.0
1088 I 1088 4076.0
1089 I 1089 4884.0
1090 I 1090 4661.0
1091 I 1091 3094.0
1092 I 1092 2958.0
1093 I 1093 2510.0
1094 I 1094 2945.0
1095 I 1095 4097.0
1096 I 1096 4193.0
1097 I 1097 4471.0
1098 I 1098 4846.0
1099 I 1099 4719.0
1100 I 1100 4603.0
1101 I 1101 4010.0
1102 I 1102 3043.0
1103 I 1103 3097.0
1104 I 1104 4834.0
1105 I 1105 4946.0
1106 I 1106 4704.0
1107 I 1107 2517.0
1108 I 1108 3085.0
1109 I 1109 4948.0
1110 I 1110 3631.0
1111 I 1111 4876.0
1112 I 1112 2965.0
1113 I 1113 4821.0
1114 I 1114 3750.0
1115 I 1115 3851.0
1116 I 1116 4310.0
1117 I 1117 3388.0
1118 I 1118 2987.0
1119 I 1119 3628.0
1120 I 1120 2519.0
1121 I 1121 4660.0
1122 I 1122 2221.0
1123 I 1123 4827.0
1124 I 1124 3867.0
1125 I 1125 4297.0
1126 I 1126 3614.0
1127 I 1127 2305.0
1128 I 1128 3144.0
1129 I 1129 4877.0
1130 I 1130 4216.0
1131 I 1131 4052.0
1132 I 1132 4681.0
1133 I 1133 4637.0
1134 I 1134 2318.0
1135 I 1135 2265.0
1136 I 1136 3776.0
1137 I 1137 4303.0
1138 I 1138 3271.0
1139 I 1139 2974.0
1140 I 1140 3202.0
1141 I 1141 2666.0
1142 I 1142 4839.0
1143 I 1143 4675.0
1144 I 1144 4896.0
1145 I 1145 2122.0
1146 I 1146 4419.0
1147 I 1147 3993.0
1148 I 1148 2162.0
1149 I 1149 2042.0
1150 I 1150 2747.0
1151 I 1151 4236.0
1152 I 1152 4787.0
1153 I 1153 4728.0
1154 I 1154 4941.0
1155 I 1155 3647.0
1156 I 1156 2070.0
1157 I 1157 3827.0
1158 I 1158 4047.0
1159 I 1159 3962.0
1160 I 1160 2340.0
1161 I 1161 2384.0
1162 I 1162 4831.0
1163 I 1163 3609.0
1164 I 1164 4690.0
1165 I 1165 2305.0
1166 I 1166 4334.0
1167 I 1167 3405.0
1168 I 1168 3954.0
1169 I 1169 2975.0
1170 I 1170 2540.0
1171 I 1171 3304.0
1172 I 1172 2996.0
1173 I 1173 2912.0
1174 I 1174 3457.0
1175 I 1175 4690.0
1176 I 1176 2443.0
1177 I 1177 3059.0
1178 I 1178 3257.0
1179 I 1179 3053.0
1180 I 1180 2065.0
1181 I 1181 3137.0
1182 I 1182 2250.0
1183 I 1183 4307.0
1184 I 1184 2740.0
1185 I 1185 4592.0
1186 I 1186 4985.0
1187 I 1187 4965.0
1188 I 1188 4288.0
1189 I 1189 2724.0
1190 I 1190 4830.0
1191 I 1191 4657.0
1192 I 1192 3407.0
1193 I 1193 4460.0
1194 I 1194 2022.0
1195 I 1195 2483.0
1196 I 1196 4555.0
1197 I 1197 2734.0
1198 I 1198 3236.0
1199 I 1199 4343.0
1200 I 1200 4462.0
1201 I 1201 4835.0
1202 I 1202 2468.0
1203 I 1203 4997.0
1204 I 1204 3938.0
1205 I 1205 3584.0
1206 I 1206 4407.0
1207 I 1207 4258.0
1208 I 1208 3201.0
1209 I 1209 3005.0
1210 I 1210 4494.0
1211 I 1211 2220.0
1212 I 1212 4216.0
1213 I 1213 3897.0
1214 I 1214 2272.0
1215 I 1215 2548.0
1216 I 1216 4303.0
1217 I 1217 3355.0
1218 I 1218 3756.0
1219 I 1219 4698.0
1220 I 1220 2862.0
1221 I 1221 2248.0
1222 I 1222 3257.0
1223 I 1223 2922.0
1224 I 1224 2307.0
1225 I 1225 4029.0
1226 I 1226 4821.0
1227 I 1227 3058.0
1228 I 1228 2522.0
1229 I 1229 2438.0
1230 I 1230 4004.0
1231 I 1231 3493.0
1232 I 1232 2303.0
1233 I 1233 4136.0
1234 I 1234 3046.0
1235 I 1235 3588.0
1236 I 1236 2369.0
1237 I 1237 2286.0
1238 I 1238 3070.0
1239 I 1239 2290.0
1240 I 1240 2165.0
1241 I 1241 2072.0
1242 I 1242 2431.0
1243 I 1243 4163.0
1244 I 1244 4086.0
1245 I 1245 2604.0
1246 I 1246 4135.0
1247 I 1247 2282.0
1248 I 1248 2040.0
1249 I 1249 3668.0
1250 I 1250 2703.0
1251 I 1251 2372.0
1252 I 1252 4624.0
1253 I 1253 2376.0
1254 I 1254 4669.0
1255 I 1255 3867.0
1256 I 1256 2465.0
1257 I 1257 3483.0
1258 I 1258 4170.0
1259 I 1259 2024.0
1260 I 1260 2727.0
1261 I 1261 4165.0
1262 I 1262 3704.0
1263 I 1263 4155.0
1264 I 1264 2951.0
1265 I 1265 2506.0
1266 I 1266 3484.0
1267 I 1267 4723.0
1268 I 1268 4402.0
1269 I 1269 3767.0
1270 I 1270 2317.0
1271 I 1271 4722.0
1272 I 1272 4343.0
1273 I 1273 4492.0
1274 I 1274 2548.0
1275 I 1275 3911.0
1276 I 1276 3427.0
1277 I 1277 3580.0
1278 I 1278 4961.0
1279 I 1279 2216.0
1280 I 1280 2004.0
1281 I 1281 4648.0
1282 I 1282 3931.0
1283 I 1283 4158.0
1284 I 1284 2793.0
1285 I 1285 2830.0
1286 I 1286 2070.0
1287 I 1287 2293.0
1288 I 1288 3407.0
1289 I 1289 4004.0
1290 I 1290 4240.0
1291 I 1291 3596.0
1292 I 1292 4424.0
1293 I 1293 2604.0
1294 I 1294 3756.0
1295 I 1295 2496.0
1296 I 1296 3181.0
1297 I 1297 3117.0
1298 I 1298 4199.0
1299 I 1299 3279.0
1300 I 1300 2121.0
1301 I 1301 4274.0
1302 I 1302 4354.0
1303 I 1303 3182.0
1304 I 1304 2213.0
1305 I 1305 3393.0
1306 I 1306 2709.0
1307 I 1307 4019.0
1308 I 1308 3717.0
1309 I 1309 4977.0
1310 I 1310 3956.0
1311 I 1311 3208.0
1312 I 1312 4214.0
1313 I 1313 2831.0
1314 I 1314 2743.0
1315 I 1315 3355.0
1316 I 1316 4098.0
1317 I 1317 4326.0
1318 I 1318 2363.0
1319 I 1319 4781.0
1320 I 1320 2119.0
1321 I 1321 2931.0
1322 I 1322 2552.0
1323 I 1323 2669.0
1324 I 1324 2514.0
1325 I 1325 2789.0
1326 I 1326 4844.0
1327 I 1327 3744.0
1328 I 1328 3033.0
1329 I 1329 2384.0
1330 I 1330 4322.0
1331 I 1331 3032.0
1332 I 1332 3141.0
1333 I 1333 3209.0
1334 I 1334 3362.0
1335 I 1335 4355.0
1336 I 1336 4634.0
1337 I 1337 3406.0
1338 I 1338 2091.0
1339 I 1339 3106.0
1340 I 1340 2261.0
1341 I 1341 3877.0
1342 I 1342 4497.0
1343 I 1343 3524.0
1344 I 1344 4477.0
1345 I 1345 4030.0
1346 I 1346 2708.0
1347 I 1347 3111.0
1348 I 1348 4787.0
1349 I 1349 4766.0
1350 I 1350 4902.0
1351 I 1351 3331.0
1352 I 1352 4114.0
1353 I 1353 2625.0
1354 I 1354 2572.0
1355 I 1355 3389.0
1356 I 1356 3783.0
1357 I 1357 3495.0
1358 I 1358 3168.0
1359 I 1359 3837.0
1360 I 1360 4854.0
1361 I 1361 4239.0
1362 I 1362 2657.0
1363 I 1363 2375.0
1364 I 1364 4227.0
1365 I 1365 4818.0
1366 I 1366 3848.0
1367 I 1367 4563.0
1368 I 1368 2185.0
1369 I 1369 3036.0
1370 I 1370 2975.0
1371 I 1371 4461.0
1372 I 1372 3190.0
1373 I 1373 4431.0
1374 I 1374 3529.0
1375 I 1375 4450.0
1376 I 1376 2943.0
1377 I 1377 4793.0
1378 I 1378 2413.0
1379 I 1379 2542.0
1380 I 1380 2741.0
1381 I 1381 4487.0
1382 I 1382 3385.0
1383 I 1383 2869.0
1384 I 1384 2961.0
1385 I 1385 4961.0
1386 I 1386 3462.0
1387 I 1387 4558.0
1388 I 1388 3692.0
1389 I 1389 3794.0
1390 I 1390 4190.0
1391 I 1391 2313.0
1392 I 1392 2887.0
1393 I 1393 3495.0
1394 I 1394 2788.0
1395 I 1395 3143.0
1396 I 1396 3545.0
1397 I 1397 4605.0
1398 I 1398 2441.0
1399 I 1399 2581.0
1400 I 1400 2916.0
1401 I 1401 2092.0
1402 I 1402 3294.0
1403 I 1403 2049.0
1404 I 1404 3924.0
1405 I 1405 4186.0
1406 I 1406 4346.0
1407 I 1407 4480.0
1408 I 1408 3020.0
1409 I 1409 3322.0
1410 I 1410 2994.0
1411 I 1411 2682.0
1412 I 1412 2902.0
1413 I 1413 3012.0
1414 I 1414 2280.0
1415 I 1415 3754.0
1416 I 1416 3541.0
1417 I 1417 2339.0
1418 I 1418 2904.0
1419 I 1419 3064.0
1420 I 1420 2875.0
1421 I 1421 4988.0
1422 I 1422 4637.0
1423 I 1423 3663.0
1424 I 1424 3820.0
1425 I 1425 2964.0
1426 I 1426 3832.0
1427 I 1427 2721.0
1428 I 1428 3303.0
1429 I 1429 4079.0
1430 I 1430 3314.0
1431 I 1431 3142.0
1432 I 1432 2928.0
1433 I 1433 3585.0
1434 I 1434 2581.0
1435 I 1435 3666.0
1436 I 1436 4293.0
1437 I 1437 2135.0
1438 I 1438 3554.0
1439 I 1439 2448.0
1440 I 1440 2582.0
1441 I 1441 2270.0
1442 I 1442 2957.0
1443 I 1443 2252.0
1444 I 1444 3217.0
1445 I 1445 3356.0
1446 I 1446 3513.0
1447 I 1447 4145.0
1448 I 1448 4282.0
1449 I 1449 3622.0
1450 I 1450 3888.0
1451 I 1451 3182.0
1452 I 1452 2892.0
1453 I 1453 2004.0
1454 I 1454 3477.0
1455 I 1455 4109.0
1456 I 1456 4885.0
1457 I 1457 3984.0
1458 I 1458 2934.0
1459 I 1459 4176.0
1460 I 1460 2431.0
1461 I 1461 2058.0
1462 I 1462 3049.0
1463 I 1463 4404.0
1464 I 1464 2460.0
1465 I 1465 4093.0
1466 I 1466 4803.0
1467 I 1467 2806.0
1468 I 1468 2081.0
1469 I 1469 4841.0
1470 I 1470 3746.0
1471 I 1471 2280.0
1472 I 1472 4333.0
1473 I 1473 3371.0
1474 I 1474 4403.0
1475 I 1475 2737.0
1476 I 1476 3515.0
1477 I 1477 3301.0
1478 I 1478 3578.0
1479 I 1479 3127.0
1480 I 1480 2888.0
1481 I 1481 4046.0
1482 I 1482 2859.0
1483 I 1483 4663.0
1484 I 1484 4729.0
1485 I 1485 4523.0
1486 I 1486 4232.0
1487 I 1487 2284.0
1488 I 1488 3354.0
1489 I 1489 3004.0
1490 I 1490 2923.0
1491 I 1491 4069.0
1492 I 1492 3242.0
1493 I 1493 2872.0
1494 I 1494 4339.0
1495 I 1495 3439.0
1496 I 1496 4324.0
1497 I 1497 2530.0
1498 I 1498 4985.0
1499 I 1499 3999.0
1500 I 1500 3598.0
1501 I 1501 4171.0
1502 I 1502 3438.0
1503 I 1503 2712.0
1504 I 1504 3750.0
1505 I 1505 4610.0
1506 I 1506 4798.0
1507 I 1507 2583.0
1508 I 1508 3654.0
1509 I 1509 2919.0
1510 I 1510 4717.0
1511 I 1511 3144.0
1512 I 1512 2230.0
1513 I 1513 2988.0
1514 I 1514 4563.0
1515 I 1515 4129.0
1516 I 1516 3771.0
1517 I 1517 4732.0
1518 I 1518 3345.0
1519 I 1519 2334.0
1520 I 1520 2103.0
1521 I 1521 3147.0
1522 I 1522 3999.0
1523 I 1523 2530.0
1524 I 1524 2562.0
1525 I 1525 4444.0
1526 I 1526 3692.0
1527 I 1527 4523.0
1528 I 1528 2921.0
1529 I 1529 2906.0
1530 I 1530 3005.0
1531 I 1531 4373.0
1532 I 1532 2218.0
1533 I 1533 3896.0
1534 I 1534 4809.0
1535 I 1535 2099.0
1536 I 1536 2091.0
1537 I 1537 3760.0
1538 I 1538 2254.0
1539 I 1539 2666.0
1540 I 1540 3522.0
1541 I 1541 4866.0
1542 I 1542 2463.0
1543 I 1543 4908.0
1544 I 1544 4628.0
1545 I 1545 4484.0
1546 I 1546 2506.0
1547 I 1547 2175.0
1548 I 1548 2417.0
1549 I 1549 2289.0
1550 I 1550 2302.0
1551 I 1551 2309.0
1552 I 1552 4393.0
1553 I 1553 2899.0
1554 I 1554 2353.0
1555 I 1555 4118.0
1556 I 1556 4118.0
1557 I 1557 4272.0
1558 I 1558 3418.0
1559 I 1559 3008.0
1560 I 1560 3581.0
1561 I 1561 3308.0
1562 I 1562 2043.0
1563 I 1563 2052.0
1564 I 1564 2521.0
1565 I 1565 2052.0
1566 I 1566 3784.0
1567 I 1567 2584.0
1568 I 1568 4370.0
1569 I 1569 2281.0
1570 I 1570 4949.0
1571 I 1571 4129.0
1572 I 1572 3579.0
1573 I 1573 3295.0
1574 I 1574 3169.0
1575 I 1575 2020.0
1576 I 1576 2308.0
1577 I 1577 4470.0
1578 I 1578 2699.0
1579 I 1579 3137.0
1580 I 1580 2160.0
1581 I 1581 2098.0
1582 I 1582 4624.0
1583 I 1583 2042.0
1584 I 1584 3075.0
1585 I 1585 3966.0
1586 I 1586 3564.0
1587 I 1587 3685.0
1588 I 1588 3377.0
1589 I 1589 3643.0
1590 I 1590 2668.0
1591 I 1591 3100.0
1592 I 1592 4849.0
1593 I 1593 4462.0
1594 I 1594 2972.0
1595 I 1595 3842.0
1596 I 1596 4877.0
1597 I 1597 2777.0
1598 I 1598 4730.0
1599 I 1599 2804.0
1600 I 1600 4687.0
1601 I 1601 3045.0
1602 I 1602 3752.0
1603 I 1603 2059.0
1604 I 1604 3084.0
1605 I 1605 3325.0
1606 I 1606 3300.0
1607 I 1607 2837.0
1608 I 1608 3394.0
1609 I 1609 4502.0
1610 I 1610 3293.0
1611 I 1611 2433.0
1612 I 1612 3818.0
1613 I 1613 4459.0
1614 I 1614 4026.0
1615 I 1615 3261.0
1616 I 1616 4098.0
1617 I 1617 4052.0
1618 I 1618 4835.0
1619 I 1619 3503.0
1620 I 1620 3927.0
1621 I 1621 2791.0
1622 I 1622 3325.0
1623 I 1623 3271.0
1624 I 1624 4136.0
1625 I 1625 4661.0
1626 I 1626 2178.0
1627 I 1627 2090.0
1628 I 1628 2013.0
1629 I 1629 4290.0
1630 I 1630 4653.0
1631 I 1631 4162.0
1632 I 1632 2309.0
1633 I 1633 4531.0
1634 I 1634 4401.0
1635 I 1635 2384.0
1636 I 1636 3775.0
1637 I 1637 2201.0
1638 I 1638 4654.0
1639 I 1639 3943.0
1640 I 1640 2659.0
1641 I 1641 2181.0
1642 I 1642 2627.0
1643 I 1643 4667.0
1644 I 1644 4470.0
1645 I 1645 4630.0
1646 I 1646 3492.0
1647 I 1647 3570.0
1648 I 1648 3022.0
1649 I 1649 2785.0
1650 I 1650 3290.0
1651 I 1651 4988.0
1652 I 1652 2236.0
1653 I 1653 3345.0
1654 I 1654 3234.0
1655 I 1655 2894.0
1656 I 1656 3370.0
1657 I 1657 4388.0
1658 I 1658 3197.0
1659 I 1659 4490.0
1660 I 1660 4301.0
1661 I 1661 4291.0
1662 I 1662 3171.0
1663 I 1663 3938.0
1664 I 1664 3158.0
1665 I 1665 2017.0
1666 I 1666 2819.0
1667 I 1667 3893.0
1668 I 1668 3603.0
1669 I 1669 2147.0
1670 I 1670 4409.0
1671 I 1671 3002.0
1672 I 1672 4939.0
1673 I 1673 4561.0
1674 I 1674 4506.0
1675 I 1675 2910.0
1676 I 1676 4019.0
1677 I 1677 4776.0
1678 I 1678 2870.0
1679 I 1679 3930.0
1680 I 1680 4679.0
1681 I 1681 3080.0
1682 I 1682 4042.0
1683 I 1683 3630.0
1684 I 1684 2051.0
1685 I 1685 2349.0
1686 I 1686 3718.0
1687 I 1687 2953.0
1688 I 1688 4325.0
1689 I 1689 3819.0
1690 I 1690 3976.0
1691 I 1691 2379.0
1692 I 1692 4101.0
1693 I 1693 2175.0
1694 I 1694 3084.0
1695 I 1695 2477.0
1696 I 1696 4686.0
1697 I 1697 3409.0
1698 I 1698 4081.0
1699 I 1699 2419.0
1700 I 1700 2127.0
1701 I 1701 4716.0
1702 I 1702 4078.0
1703 I 1703 3231.0
1704 I 1704 3461.0
1705 I 1705 3126.0
1706 I 1706 2642.0
1707 I 1707 3821.0
1708 I 1708 2049.0
1709 I 1709 4215.0
1710 I 1710 4552.0
1711 I 1711 2891.0
1712 I 1712 2976.0
1713 I 1713 4414.0
1714 I 1714 3648.0
1715 I 1715 4715.0
1716 I 1716 3774.0
1717 I 1717 4224.0
1718 I 1718 4133.0
1719 I 1719 2377.0
1720 I 1720 4720.0
1721 I 1721 2484.0
1722 I 1722 2091.0
1723 I 1723 4009.0
1724 I 1724 3266.0
1725 I 1725 4596.0
1726 I 1726 4546.0
1727 I 1727 4639.0
1728 I 1728 2458.0
1729 I 1729 4090.0
1730 I 1730 4200.0
1731 I 1731 2324.0
1732 I 1732 4697.0
1733 I 1733 2108.0
1734 I 1734 4387.0
1735 I 1735 2454.0
1736 I 1736 2223.0
1737 I 1737 4153.0
1738 I 1738 3799.0
1739 I 1739 3937.0
1740 I 1740 3806.0
1741 I 1741 3174.0
1742 I 1742 3772.0
1743 I 1743 2816.0
1744 I 1744 3001.0
1745 I 1745 4236.0
1746 I 1746 3834.0
1747 I 1747 2995.0
1748 I 1748 4639.0
1749 I 1749 4393.0
1750 I 1750 4790.0
1751 I 1751 3304.0
1752 I 1752 2693.0
1753 I 1753 3209.0
1754 I 1754 4896.0
1755 I 1755 4795.0
1756 I 1756 4704.0
1757 I 1757 4003.0
1758 I 1758 4130.0
1759 I 1759 4094.0
1760 I 1760 3251.0
1761 I 1761 3594.0
1762 I 1762 3012.0
1763 I 1763 2640.0
1764 I 1764 4949.0
1765 I 1765 4166.0
1766 I 1766 2361.0
1767 I 1767 2227.0
1768 I 1768 3726.0
1769 I 1769 4678.0
1770 I 1770 2837.0
1771 I 1771 2498.0
1772 I 1772 2832.0
1773 I 1773 4196.0
1774 I 1774 2335.0
1775 I 1775 3585.0
1776 I 1776 3330.0
1777 I 1777 3687.0
1778 I 1778 3453.0
1779 I 1779 4265.0
1780 I 1780 3345.0
1781 I 1781 4672.0
1782 I 1782 2487.0
1783 I 1783 4638.0
1784 I 1784 4040.0
1785 I 1785 2569.0
1786 I 1786 2093.0
1787 I 1787 2363.0
1788 I 1788 3602.0
1789 I 1789 3758.0
1790 I 1790 4581.0
1791 I 1791 2603.0
1792 I 1792 4324.0
1793 I 1793 4410.0
1794 I 1794 3208.0
1795 I 1795 4794.0
1796 I 1796 2494.0
1797 I 1797 3338.0
1798 I 1798 4803.0
1799 I 1799 4363.0
1800 I 1800 2148.0
1801 I 1801 4298.0
1802 I 1802 3400.0
1803 I 1803 2550.0
1804 I 1804 3862.0
1805 I 1805 3360.0
1806 I 1806 2025.0
1807 I 1807 4930.0
1808 I 1808 3820.0
1809 I 1809 4269.0
1810 I 1810 2588.0
1811 I 1811 3924.0
1812 I 1812 3606.0
1813 I 1813 3777.0
1814 I 1814 3475.0
1815 I 1815 3137.0
1816 I 1816 3612.0
1817 I 1817 3253.0
1818 I 1818 3111.0
1819 I 1819 3821.0
1820 I 1820 3502.0
1821 I 1821 4042.0
1822 I 1822 2238.0
1823 I 1823 4561.0
1824 I 1824 2398.0
1825 I 1825 3781.0
1826 I 1826 3254.0
1827 I 1827 3340.0
1828 I 1828 3131.0
1829 I 1829 3916.0
1830 I 1830 2146.0
1831 I 1831 4159.0
1832 I 1832 2701.0
1833 I 1833 2079.0
1834 I 1834 3861.0
1835 I 1835 3588.0
1836 I 1836 2956.0
1837 I 1837 3590.0
1838 I 1838 3902.0
1839 I 1839 3566.0
1840 I 1840 3994.0
1841 I 1841 3423.0
1842 I 1842 3214.0
1843 I 1843 3300.0
1844 I 1844 3989.0
1845 I 1845 2721.0
1846 I 1846 3201.0
1847 I 1847 4918.0
1848 I 1848 2518.0
1849 I 1849 3555.0
1850 I 1850 4640.0
1851 I 1851 2719.0
1852 I 1852 4318.0
1853 I 1853 3406.0
1854 I 1854 3984.0
1855 I 1855 2761.0
1856 I 1856 4854.0
1857 I 1857 2009.0
1858 I 1858 2578.0
1859 I 1859 4670.0
1860 I 1860 3931.0
1861 I 1861 3431.0
1862 I 1862 4907.0
1863 I 1863 4000.0
1864 I 1864 3908.0
1865 I 1865 3391.0
1866 I 1866 4344.0
1867 I 1867 4757.0
1868 I 1868 3566.0
1869 I 1869 3480.0
1870 I 1870 4745.0
1871 I 1871 3332.0
1872 I 1872 2578.0
1873 I 1873 3099.0
1874 I 1874 2568.0
1875 I 1875 2287.0
1876 I 1876 2609.0
1877 I 1877 3644.0
1878 I 1878 3243.0
1879 I 1879 3396.0
1880 I 1880 4302.0
1881 I 1881 4654.0
1882 I 1882 3901.0
1883 I 1883 2539.0
1884 I 1884 2558.0
1885 I 1885 4372.0
1886 I 1886 2640.0
1887 I 1887 3071.0
1888 I 1888 4187.0
1889 I 1889 2496.0
1890 I 1890 2109.0
1891 I 1891 2279.0
1892 I 1892 4407.0
1893 I 1893 2743.0
1894 I 1894 4348.0
1895 I 1895 4327.0
1896 I 1896 4449.0
1897 I 1897 3778.0
1898 I 1898 4554.0
1899 I 1899 3353.0
1900 I 1900 4202.0
1901 I 1901 2443.0
1902 I 1902 2424.0
1903 I 1903 2900.0
1904 I 1904 4745.0
1905 I 1905 2220.0
1906 I 1906 3099.0
1907 I 1907 2502.0
1908 I 1908 4627.0
1909 I 1909 4351.0
1910 I 1910 4235.0
1911 I 1911 4102.0
1912 I 1912 3172.0
1913 I 1913 2900.0
1914 I 1914 4108.0
1915 I 1915 2007.0
1916 I 1916 4001.0
1917 I 1917 2114.0
1918 I 1918 2837.0
1919 I 1919 2059.0
1920 I 1920 2254.0
1921 I 1921 3599.0
1922 I 1922 4079.0
1923 I 1923 3306.0
1924 I 1924 2322.0
1925 I 1925 2757.0
1926 I 1926 3562.0
1927 I 1927 2480.0
1928 I 1928 2815.0
1929 I 1929 3795.0
1930 I 1930 3260.0
1931 I 1931 2953.0
1932 I 1932 4447.0
1933 I 1933 3120.0
1934 I 1934 4143.0
1935 I 1935 4109.0
1936 I 1936 3900.0
1937 I 1937 2204.0
1938 I 1938 2146.0
1939 I 1939 3440.0
1940 I 1940 4945.0
1941 I 1941 2871.0
1942 I 1942 2402.0
1943 I 1943 3114.0
1944 I 1944 4104.0
1945 I 1945 2217.0
1946 I 1946 2442.0
1947 I 1947 3365.0
1948 I 1948 4395.0
1949 I 1949 4496.0
1950 I 1950 3777.0
1951 I 1951 4802.0
1952 I 1952 4515.0
1953 I 1953 4131.0
1954 I 1954 3173.0
1955 I 1955 4869.0
1956 I 1956 3909.0
1957 I 1957 4733.0
1958 I 1958 4770.0
1959 I 1959 2604.0
1960 I 1960 4818.0
1961 I 1961 3855.0
1962 I 1962 2417.0
1963 I 1963 3838.0
1964 I 1964 3985.0
1965 I 1965 4437.0
1966 I 1966 3834.0
1967 I 1967 3086.0
1968 I 1968 4269.0
1969 I 1969 4844.0
1970 I 1970 4195.0
1971 I 1971 3566.0
1972 I 1972 4406.0
1973 I 1973 3548.0
1974 I 1974 3755.0
1975 I 1975 3108.0
1976 I 1976 4975.0
1977 I 1977 3990.0
1978 I 1978 4824.0
1979 I 1979 3071.0
1980 I 1980 2746.0
1981 I 1981 2300.0
1982 I 1982 2649.0
1983 I 1983 2011.0
1984 I 1984 4558.0
1985 I 1985 2878.0
1986 I 1986 2806.0
1987 I 1987 4950.0
1988 I 1988 2358.0
1989 I 1989 3056.0
1990 I 1990 4065.0
1991 I 1991 3216.0
1992 I 1992 2297.0
1993 I 1993 3032.0
1994 I 1994 3078.0
1995 I 1995 2668.0
1996 I 1996 2684.0
1997 I 1997 4995.0
1998 I 1998 4230.0
1999 I 1999 2129.0
2000 E 1000
2001 E 1001
2002 E 1002
2003 E 1003
2004 E 1004
2005 E 1005
2006 E 1006
2007 E 1007
2008 E 1008
2009 E 1009
2010 E 1010
2011 E 1011
2012 E 1012
2013 E 1013
2014 E 1014
2015 E 1015
2016 E 1016
2017 E 1017
2018 E 1018
2019 E 1019
2020 E 1020
2021 E 1021
2022 E 1022
2023 E 1023
2024 E 1024
2025 E 1025
2026 E 1026
2027 E 1027
2028 E 1028
2029 E 1029
2030 E 1030
2031 E 1031
2032 E 1032
2033 E 1033
2034 E 1034
2035 E 1035
2036 E 1036
2037 E 1037
2038 E 1038
2039 E 1039
2040 E 1040
2041 E 1041
2042 E 1042
2043 E 1043
2044 E 1044
2045 E 1045
2046 E 1046
2047 E 1047
2048 E 1048
2049 E 1049
2050 E 1050
2051 E 1051
2052 E 1052
2053 E 1053
2054 E 1054
2055 E 1055
2056 E 1056
2057 E 1057
2058 E 1058
2059 E 1059
2060 E 1060
2061 E 1061
2062 E 1062
2063 E 1063
2064 E 1064
2065 E 1065
2066 E 1066
2067 E 1067
2068 E 1068
2069 E 1069
2070 E 1070
2071 E 1071
2072 E 1072
2073 E 1073
2074 E 1074
2075 E 1075
2076 E 1076
2077 E 1077
2078 E 1078
2079 E 1079
2080 E 1080
2081 E 1081
2082 E 1082
2083 E 1083
2084 E 1084
2085 E 1085
2086 E 1086
2087 E 1087
2088 E 1088
2089 E 1089
2090 E 1090
2091 E 1091
2092 E 1092
2093 E 1093
2094 E 1094
2095 E 1095
2096 E 1096
2097 E 1097
2098 E 1098
2099 E 1099
2100 E 1100
2101 E 1101
2102 E 1102
2103 E 1103
2104 E 1104
2105 E 1105
2106 E 1106
2107 E 1107
2108 E 1108
2109 E 1109
2110 E 1110
2111 E 1111
2112 E 1112
2113 E 1113
2114 E 1114
2115 E 1115
2116 E 1116
2117 E 1117
2118 E 1118
2119 E 1119
2120 E 1120
2121 E 1121
2122 E 1122
2123 E 1123
2124 E 1124
2125 E 1125
2126 E 1126
2127 E 1127
2128 E 1128
2129 E 1129
2130 E 1130
2131 E 1131
2132 E 1132
2133 E 1133
2134 E 1134
2135 E 1135
2136 E 1136
2137 E 1137
2138 E 1138
2139 E 1139
2140 E 1140
2141 E 1141
2142 E 1142
2143 E 1143
2144 E 1144
2145 E 1145
2146 E 1146
2147 E 1147
2148 E 1148
2149 E 1149
2150 E 1150
2151 E 1151
2152 E 1152
2153 E 1153
2154 E 1154
2155 E 1155
2156 E 1156
2157 E 1157
2158 E 1158
2159 E 1159
2160 E 1160
2161 E 1161
2162 E 1162
2163 E 1163
2164 E 1164
2165 E 1165
2166 E 1166
2167 E 1167
2168 E 1168
2169 E 1169
2170 E 1170
2171 E 1171
2172 E 1172
2173 E 1173
2174 E 1174
2175 E 1175
2176 E 1176
2177 E 1177
2178 E 1178
2179 E 1179
2180 E 1180
2181 E 1181
2182 E 1182
2183 E 1183
2184 E 1184
2185 E 1185
2186 E 1186
2187 E 1187
2188 E 1188
2189 E 1189
2190 E 1190
2191 E 1191
2192 E 1192
2193 E 1193
2194 E 1194
2195 E 1195
2196 E 1196
2197 E 1197
2198 E 1198
2199 E 1199
2200 E 1200
2201 E 1201
2202 E 1202
2203 E 1203
2204 E 1204
2205 E 1205
2206 E 1206
2207 E 1207
2208 E 1208
2209 E 1209
2210 E 1210
2211 E 1211
2212 E 1212
2213 E 1213
2214 E 1214
2215 E 1215
2216 E 1216
2217 E 1217
2218 E 1218
2219 E 1219
2220 E 1220
2221 E 1221
2222 E 1222
2223 E 1223
2224 E 1224
2225 E 1225
2226 E 1226
2227 E 1227
2228 E 1228
2229 E 1229
2230 E 1230
2231 E 1231
2232 E 1232
2233 E 1233
2234 E 1234
2235 E 1235
2236 E 1236
2237 E 1237
2238 E 1238
2239 E 1239
2240 E 1240
2241 E 1241
2242 E 1242
2243 E 1243
2244 E 1244
2245 E 1245
2246 E 1246
2247 E 1247
2248 E 1248
2249 E 1249
2250 E 1250
2251 E 1251
2252 E 1252
2253 E 1253
2254 E 1254
2255 E 1255
2256 E 1256
2257 E 1257
2258 E 1258
2259 E 1259
2260 E 1260
2261 E 1261
2262 E 1262
2263 E 1263
2264 E 1264
2265 E 1265
2266 E 1266
2267 E 1267
2268 E 1268
2269 E 1269
2270 E 1270
2271 E 1271
2272 E 1272
2273 E 1273
2274 E 1274
2275 E 1275
2276 E 1276
2277 E 1277
2278 E 1278
2279 E 1279
2280 E 1280
2281 E 1281
2282 E 1282
2283 E 1283
2284 E 1284
2285 E 1285
2286 E 1286
2287 E 1287
2288 E 1288
2289 E 1289
2290 E 1290
2291 E 1291
2292 E 1292
2293 E 1293
2294 E 1294
2295 E 1295
2296 E 1296
2297 E 1297
2298 E 1298
2299 E 1299
2300 E 1300
2301 E 1301
2302 E 1302
2303 E 1303
2304 E 1304
2305 E 1305
2306 E 1306
2307 E 1307
2308 E 1308
2309 E 1309
2310 E 1310
2311 E 1311
2312 E 1312
2313 E 1313
2314 E 1314
2315 E 1315
2316 E 1316
2317 E 1317
2318 E 1318
2319 E 1319
2320 E 1320
2321 E 1321
2322 E 1322
2323 E 1323
2324 E 1324
2325 E 1325
2326 E 1326
2327 E 1327
2328 E 1328
2329 E 1329
2330 E 1330
2331 E 1331
2332 E 1332
2333 E 1333
2334 E 1334
2335 E 1335
2336 E 1336
2337 E 1337
2338 E 1338
2339 E 1339
2340 E 1340
2341 E 1341
2342 E 1342
2343 E 1343
2344 E 1344
2345 E 1345
2346 E 1346
2347 E 1347
2348 E 1348
2349 E 1349
2350 E 1350
2351 E 1351
2352 E 1352
2353 E 1353
2354 E 1354
2355 E 1355
2356 E 1356
2357 E 1357
2358 E 1358
2359 E 1359
2360 E 1360
2361 E 1361
2362 E 1362
2363 E 1363
2364 E 1364
2365 E 1365
2366 E 1366
2367 E 1367
2368 E 1368
2369 E 1369
2370 E 1370
2371 E 1371
2372 E 1372
2373 E 1373
2374 E 1374
2375 E 1375
2376 E 1376
2377 E 1377
2378 E 1378
2379 E 1379
2380 E 1380
2381 E 1381
2382 E 1382
2383 E 1383
2384 E 1384
2385 E 1385
2386 E 1386
2387 E 1387
2388 E 1388
2389 E 1389
2390 E 1390
2391 E 1391
2392 E 1392
2393 E 1393
2394 E 1394
2395 E 1395
2396 E 1396
2397 E 1397
2398 E 1398
2399 E 1399
2400 E 1400
2401 E 1401
2402 E 1402
2403 E 1403
2404 E 1404
2405 E 1405
2406 E 1406
2407 E 1407
2408 E 1408
2409 E 1409
2410 E 1410
2411 E 1411
2412 E 1412
2413 E 1413
2414 E 1414
2415 E 1415
2416 E 1416
2417 E 1417
2418 E 1418
2419 E 1419
2420 E 1420
2421 E 1421
2422 E 1422
2423 E 1423
2424 E 1424
2425 E 1425
2426 E 1426
2427 E 1427
2428 E 1428
2429 E 1429
2430 E 1430
2431 E 1431
2432 E 1432
2433 E 1433
2434 E 1434
2435 E 1435
2436 E 1436
2437 E 1437
2438 E 1438
2439 E 1439
2440 E 1440
2441 E 1441
2442 E 1442
2443 E 1443
2444 E 1444
2445 E 1445
2446 E 1446
2447 E 1447
2448 E 1448
2449 E 1449
2450 E 1450
2451 E 1451
2452 E 1452
2453 E 1453
2454 E 1454
2455 E 1455
2456 E 1456
2457 E 1457
2458 E 1458
2459 E 1459
2460 E 1460
2461 E 1461
2462 E 1462
2463 E 1463
2464 E 1464
2465 E 1465
2466 E 1466
2467 E 1467
2468 E 1468
2469 E 1469
2470 E 1470
2471 E 1471
2472 E 1472
2473 E 1473
2474 E 1474
2475 E 1475
2476 E 1476
2477 E 1477
2478 E 1478
2479 E 1479
2480 E 1480
2481 E 1481
2482 E 1482
2483 E 1483
2484 E 1484
2485 E 1485
2486 E 1486
2487 E 1487
2488 E 1488
2489 E 1489
2490 E 1490
2491 E 1491
2492 E 1492
2493 E 1493
2494 E 1494
2495 E 1495
2496 E 1496
2497 E 1497
2498 E 1498
2499 E 1499
2500 E 1500
2501 E 1501
2502 E 1502
2503 E 1503
2504 E 1504
2505 E 1505
2506 E 1506
2507 E 1507
2508 E 1508
2509 E 1509
2510 E 1510
2511 E 1511
2512 E 1512
2513 E 1513
2514 E 1514
2515 E 1515
2516 E 1516
2517 E 1517
2518 E 1518
2519 E 1519
2520 E 1520
2521 E 1521
2522 E 1522
2523 E 1523
2524 E 1524
2525 E 1525
2526 E 1526
2527 E 1527
2528 E 1528
2529 E 1529
2530 E 1530
2531 E 1531
2532 E 1532
2533 E 1533
2534 E 1534
2535 E 1535
2536 E 1536
2537 E 1537
2538 E 1538
2539 E 1539
2540 E 1540
2541 E 1541
2542 E 1542
2543 E 1543
2544 E 1544
2545 E 1545
2546 E 1546
2547 E 1547
2548 E 1548
2549 E 1549
2550 E 1550
2551 E 1551
2552 E 1552
2553 E 1553
2554 E 1554
2555 E 1555
2556 E 1556
2557 E 1557
2558 E 1558
2559 E 1559
2560 E 1560
2561 E 1561
2562 E 1562
2563 E 1563
2564 E 1564
2565 E 1565
2566 E 1566
2567 E 1567
2568 E 1568
2569 E 1569
2570 E 1570
2571 E 1571
2572 E 1572
2573 E 1573
2574 E 1574
2575 E 1575
2576 E 1576
2577 E 1577
2578 E 1578
2579 E 1579
2580 E 1580
2581 E 1581
2582 E 1582
2583 E 1583
2584 E 1584
2585 E 1585
2586 E 1586
2587 E 1587
2588 E 1588
2589 E 1589
2590 E 1590
2591 E 1591
2592 E 1592
2593 E 1593
2594 E 1594
2595 E 1595
2596 E 1596
2597 E 1597
2598 E 1598
2599 E 1599
2600 E 1600
2601 E 1601
2602 E 1602
2603 E 1603
2604 E 1604
2605 E 1605
2606 E 1606
2607 E 1607
2608 E 1608
2609 E 1609
2610 E 1610
2611 E 1611
2612 E 1612
2613 E 1613
2614 E 1614
2615 E 1615
2616 E 1616
2617 E 1617
2618 E 1618
2619 E 1619
2620 E 1620
2621 E 1621
2622 E 1622
2623 E 1623
2624 E 1624
2625 E 1625
2626 E 1626
2627 E 1627
2628 E 1628
2629 E 1629
2630 E 1630
2631 E 1631
2632 E 1632
2633 E 1633
2634 E 1634
2635 E 1635
2636 E 1636
2637 E 1637
2638 E 1638
2639 E 1639
2640 E 1640
2641 E 1641
2642 E 1642
2643 E 1643
2644 E 1644
2645 E 1645
2646 E 1646
2647 E 1647
2648 E 1648
2649 E 1649
2650 E 1650
2651 E 1651
2652 E 1652
2653 E 1653
2654 E 1654
2655 E 1655
2656 E 1656
2657 E 1657
2658 E 1658
2659 E 1659
2660 E 1660
2661 E 1661
2662 E 1662
2663 E 1663
2664 E 1664
2665 E 1665
2666 E 1666
2667 E 1667
2668 E 1668
2669 E 1669
2670 E 1670
2671 E 1671
2672 E 1672
2673 E 1673
2674 E 1674
2675 E 1675
2676 E 1676
2677 E 1677
2678 E 1678
2679 E 1679
2680 E 1680
2681 E 1681
2682 E 1682
2683 E 1683
2684 E 1684
2685 E 1685
2686 E 1686
2687 E 1687
2688 E 1688
2689 E 1689
2690 E 1690
2691 E 1691
2692 E 1692
2693 E 1693
2694 E 1694
2695 E 1695
2696 E 1696
2697 E 1697
2698 E 1698
2699 E 1699
2700 E 1700
2701 E 1701
2702 E 1702
2703 E 1703
2704 E 1704
2705 E 1705
2706 E 1706
2707 E 1707
2708 E 1708
2709 E 1709
2710 E 1710
2711 E 1711
2712 E 1712
2713 E 1713
2714 E 1714
2715 E 1715
2716 E 1716
2717 E 1717
2718 E 1718
2719 E 1719
2720 E 1720
2721 E 1721
2722 E 1722
2723 E 1723
2724 E 1724
2725 E 1725
2726 E 1726
2727 E 1727
2728 E 1728
2729 E 1729
2730 E 1730
2731 E 1731
2732 E 1732
2733 E 1733
2734 E 1734
2735 E 1735
2736 E 1736
2737 E 1737
2738 E 1738
2739 E 1739
2740 E 1740
2741 E 1741
2742 E 1742
2743 E 1743
2744 E 1744
2745 E 1745
2746 E 1746
2747 E 1747
2748 E 1748
2749 E 1749
2750 E 1750
2751 E 1751
2752 E 1752
2753 E 1753
2754 E 1754
2755 E 1755
2756 E 1756
2757 E 1757
2758 E 1758
2759 E 1759
2760 E 1760
2761 E 1761
2762 E 1762
2763 E 1763
2764 E 1764
2765 E 1765
2766 E 1766
2767 E 1767
2768 E 1768
2769 E 1769
2770 E 1770
2771 E 1771
2772 E 1772
2773 E 1773
2774 E 1774
2775 E 1775
2776 E 1776
2777 E 1777
2778 E 1778
2779 E 1779
2780 E 1780
2781 E 1781
2782 E 1782
2783 E 1783
2784 E 1784
2785 E 1785
2786 E 1786
2787 E 1787
2788 E 1788
2789 E 1789
2790 E 1790
2791 E 1791
2792 E 1792
2793 E 1793
2794 E 1794
2795 E 1795
2796 E 1796
2797 E 1797
2798 E 1798
2799 E 1799
2800 E 1800
2801 E 1801
2802 E 1802
2803 E 1803
2804 E 1804
2805 E 1805
2806 E 1806
2807 E 1807
2808 E 1808
2809 E 1809
2810 E 1810
2811 E 1811
2812 E 1812
2813 E 1813
2814 E 1814
2815 E 1815
2816 E 1816
2817 E 1817
2818 E 1818
2819 E 1819
2820 E 1820
2821 E 1821
2822 E 1822
2823 E 1823
2824 E 1824
2825 E 1825
2826 E 1826
2827 E 1827
2828 E 1828
2829 E 1829
2830 E 1830
2831 E 1831
2832 E 1832
2833 E 1833
2834 E 1834
2835 E 1835
2836 E 1836
2837 E 1837
2838 E 1838
2839 E 1839
2840 E 1840
2841 E 1841
2842 E 1842
2843 E 1843
2844 E 1844
2845 E 1845
2846 E 1846
2847 E 1847
2848 E 1848
2849 E 1849
2850 E 1850
2851 E 1851
2852 E 1852
2853 E 1853
2854 E 1854
2855 E 1855
2856 E 1856
2857 E 1857
2858 E 1858
2859 E 1859
2860 E 1860
2861 E 1861
2862 E 1862
2863 E 1863
2864 E 1864
2865 E 1865
2866 E 1866
2867 E 1867
2868 E 1868
2869 E 1869
2870 E 1870
2871 E 1871
2872 E 1872
2873 E 1873
2874 E 1874
2875 E 1875
2876 E 1876
2877 E 1877
2878 E 1878
2879 E 1879
2880 E 1880
2881 E 1881
2882 E 1882
2883 E 1883
2884 E 1884
2885 E 1885
2886 E 1886
2887 E 1887
2888 E 1888
2889 E 1889
2890 E 1890
2891 E 1891
2892 E 1892
2893 E 1893
2894 E 1894
2895 E 1895
2896 E 1896
2897 E 1897
2898 E 1898
2899 E 1899
2900 E 1900
2901 E 1901
2902 E 1902
2903 E 1903
2904 E 1904
2905 E 1905
2906 E 1906
2907 E 1907
2908 E 1908
2909 E 1909
2910 E 1910
2911 E 1911
2912 E 1912
2913 E 1913
2914 E 1914
2915 E 1915
2916 E 1916
2917 E 1917
2918 E 1918
2919 E 1919
2920 E 1920
2921 E 1921
2922 E 1922
2923 E 1923
2924 E 1924
2925 E 1925
2926 E 1926
2927 E 1927
2928 E 1928
2929 E 1929
2930 E 1930
2931 E 1931
2932 E 1932
2933 E 1933
2934 E 1934
2935 E 1935
2936 E 1936
2937 E 1937
2938 E 1938
2939 E 1939
2940 E 1940
2941 E 1941
2942 E 1942
2943 E 1943
2944 E 1944
2945 E 1945
2946 E 1946
2947 E 1947
2948 E 1948
2949 E 1949
2950 E 1950
2951 E 1951
2952 E 1952
2953 E 1953
2954 E 1954
2955 E 1955
2956 E 1956
2957 E 1957
2958 E 1958
2959 E 1959
2960 E 1960
2961 E 1961
2962 E 1962
2963 E 1963
2964 E 1964
2965 E 1965
2966 E 1966
2967 E 1967
2968 E 1968
2969 E 1969
2970 E 1970
2971 E 1971
2972 E 1972
2973 E 1973
2974 E 1974
2975 E 1975
2976 E 1976
2977 E 1977
2978 E 1978
2979 E 1979
2980 E 1980
2981 E 1981
2982 E 1982
2983 E 1983
2984 E 1984
2985 E 1985
2986 E 1986
2987 E 1987
2988 E 1988
2989 E 1989
2990 E 1990
2991 E 1991
2992 E 1992
2993 E 1993
2994 E 1994
2995 E 1995
2996 E 1996
2997 E 1997
2998 E 1998
2999 E 1999

